user_nr	richtig	tendenz	differenz	punkte	spieltag	platz
2	2	2	3	14	1	1
2	0	1	2	5	2	2
2	1	2	0	5	3	3
2	1	4	1	9	4	2
2	1	3	2	10	5	1
2	0	1	2	5	6	1
2	2	1	2	11	7	1
2	1	3	0	6	8	1
2	0	2	0	2	9	1
2	0	6	1	8	10	1
2	1	2	2	9	11	1
2	4	1	1	15	12	1
2	0	6	1	8	13	1
2	1	2	2	9	14	1
2	1	3	2	10	15	1
2	0	3	0	3	16	1
2	1	3	1	8	17	2
2	0	4	1	6	18	19
2	1	3	2	10	19	3
2	2	1	2	11	20	3
2	0	2	1	4	21	6
2	0	3	0	3	22	13
2	0	3	1	5	23	21
2	2	2	2	12	24	7
2	1	1	0	4	25	6
2	0	2	1	4	26	8
2	1	3	1	8	27	5
2	0	2	1	4	28	9
2	1	3	0	6	29	8
2	0	2	0	2	30	14
2	0	1	1	3	31	19
2	0	7	1	9	32	16
2	1	2	0	5	33	14
2	2	3	1	11	34	9
3	1	2	1	7	1	12
3	0	2	1	4	2	26
3	0	2	2	6	3	25
3	0	2	3	8	4	25
3	2	2	2	12	5	4
3	0	1	1	3	6	7
3	0	1	2	5	7	9
3	0	4	0	4	8	14
3	1	2	1	7	9	12
3	0	4	0	4	10	15
3	0	1	4	9	11	13
3	0	3	2	7	12	16
3	2	4	0	10	13	17
3	0	1	1	3	14	21
3	1	1	2	8	15	20
3	1	1	0	4	16	20
3	1	2	2	9	17	20
3	0	3	2	7	18	10
3	0	3	1	5	19	18
3	0	3	0	3	20	34
3	0	1	1	3	21	36
3	0	3	0	3	22	37
3	0	4	0	4	23	37
3	0	2	1	4	24	37
3	2	1	1	9	25	36
3	0	2	0	2	26	37
3	1	2	0	5	27	35
3	0	0	3	6	28	35
3	0	2	0	2	29	36
3	0	3	1	5	30	36
3	0	1	0	1	31	36
3	0	1	0	1	32	36
3	0	1	2	5	34	35
4	1	3	2	10	1	5
4	0	1	2	5	2	9
4	1	1	0	4	3	20
4	1	1	2	8	4	16
4	1	2	1	7	5	11
4	1	1	0	4	6	12
4	0	2	1	4	7	13
4	1	4	1	9	8	11
4	1	1	2	8	9	7
4	0	4	1	6	10	8
4	3	3	0	12	11	2
4	0	4	1	6	12	6
4	2	2	1	10	13	5
4	0	1	1	3	14	11
4	1	2	2	9	15	9
4	2	3	1	11	16	4
4	1	2	0	5	17	7
4	0	2	4	10	18	1
4	0	0	0	0	19	33
4	2	2	0	8	20	25
4	0	2	1	4	21	30
4	1	4	0	7	22	27
4	1	2	2	9	23	23
4	1	2	0	5	24	24
4	0	2	1	4	25	25
4	0	2	1	4	26	25
4	0	3	2	7	27	23
4	1	1	2	8	28	18
4	0	1	0	1	29	24
4	0	3	2	7	30	24
4	0	2	1	4	31	27
4	1	4	0	7	32	27
4	1	1	2	8	33	21
4	3	2	0	11	34	13
5	0	5	2	9	1	8
5	1	1	2	8	2	5
5	0	2	0	2	3	20
5	1	2	3	11	4	7
5	0	3	0	3	5	13
5	0	2	0	2	6	20
5	0	2	1	4	7	22
5	1	5	0	8	8	20
5	0	2	0	2	9	26
5	0	6	0	6	10	25
5	1	2	1	7	11	26
5	0	3	3	9	12	24
5	1	5	1	10	13	26
5	1	2	2	9	14	20
5	0	4	1	6	15	22
5	0	5	0	5	16	20
5	0	4	0	4	17	28
5	0	1	3	7	18	10
5	0	3	1	5	19	18
5	1	3	0	6	20	25
5	0	2	1	4	21	30
5	1	4	1	9	22	21
5	2	1	2	11	23	10
5	0	1	3	7	24	12
5	0	2	1	4	25	11
5	0	2	1	4	26	13
5	2	3	0	9	27	8
5	0	1	1	3	28	12
5	0	5	0	5	29	12
5	1	4	0	7	30	10
5	1	2	1	7	31	10
5	0	2	0	2	32	19
5	1	1	1	6	33	14
5	1	3	1	8	34	13
7	1	4	0	7	1	12
7	0	2	0	2	2	32
7	0	2	0	2	3	39
7	1	3	2	10	4	35
7	1	3	0	6	5	30
7	0	2	0	2	6	33
7	0	2	1	4	7	35
7	1	3	1	8	8	31
7	1	2	1	7	9	30
7	0	2	1	4	10	32
7	1	4	1	9	11	28
7	1	4	1	9	12	26
7	3	4	0	13	13	21
7	2	2	2	12	14	13
7	1	2	1	7	15	14
7	0	4	2	8	16	11
7	1	4	0	7	17	12
7	0	4	0	4	18	32
7	1	3	1	8	19	18
7	1	3	0	6	20	25
7	0	3	1	5	21	27
7	1	4	0	7	22	22
7	2	3	0	9	23	21
7	2	2	1	10	24	12
7	0	1	1	3	25	17
7	0	2	1	4	26	16
7	1	2	1	7	27	14
7	0	1	1	3	28	18
7	0	3	0	3	29	20
7	2	2	2	12	30	10
7	1	3	1	8	31	8
7	3	3	1	14	32	4
7	0	2	1	4	33	3
7	2	2	1	10	34	2
8	2	4	0	10	1	5
8	0	1	1	3	2	19
8	1	1	2	8	3	10
8	0	2	3	8	4	11
8	1	3	1	8	5	4
8	0	1	1	3	6	7
8	0	4	2	8	7	4
8	0	3	1	5	8	8
8	0	2	1	4	9	10
8	0	3	1	5	10	13
8	0	5	1	7	11	13
8	1	3	1	8	12	15
8	1	3	2	10	13	14
8	1	2	1	7	14	14
8	0	2	1	4	15	18
8	0	5	0	5	16	18
8	1	3	2	10	17	14
8	0	2	1	4	18	32
8	0	3	2	7	19	27
8	2	2	1	10	20	14
8	1	2	1	7	21	11
8	0	2	0	2	22	22
8	1	2	0	5	23	28
8	0	3	2	7	24	28
8	0	1	1	3	25	28
8	1	2	0	5	26	28
8	0	1	3	7	27	26
8	1	1	2	8	28	22
8	0	1	1	3	29	22
8	1	2	2	9	30	19
8	0	2	0	2	31	22
8	1	4	0	7	32	26
8	0	2	0	2	33	29
8	1	3	1	8	34	27
9	0	5	0	5	1	27
9	0	2	1	4	2	32
9	0	2	1	4	3	35
9	0	7	1	9	4	31
9	1	2	0	5	5	30
9	0	2	0	2	6	33
9	2	2	1	10	7	22
9	0	4	2	8	8	20
9	1	2	0	5	9	19
9	1	5	0	8	10	15
9	1	6	0	9	11	13
9	1	3	2	10	12	13
9	0	7	1	9	13	12
9	2	3	0	9	14	9
9	0	4	1	6	15	13
9	0	4	0	4	16	14
9	0	4	1	6	17	14
9	0	3	2	7	18	10
9	0	4	0	4	19	27
9	0	4	1	6	20	31
9	0	1	2	5	21	30
9	1	5	0	8	22	22
9	1	4	0	7	23	24
9	1	1	1	6	24	24
9	1	1	1	6	25	22
9	0	3	0	3	26	22
9	1	3	0	6	27	23
9	0	2	1	4	28	25
9	0	2	0	2	29	32
9	0	2	1	4	30	32
9	1	1	1	6	31	32
9	2	3	0	9	32	29
9	1	2	0	5	33	29
9	0	3	1	5	34	30
10	2	4	1	12	1	2
10	0	0	3	6	2	3
10	1	1	3	10	3	1
10	0	5	1	7	4	1
10	0	3	2	7	5	2
10	0	1	1	3	6	2
10	1	1	1	6	7	2
10	1	3	0	6	8	2
10	2	1	1	9	9	2
10	0	4	0	4	10	2
10	0	3	0	3	11	7
10	1	2	1	7	12	11
10	3	3	0	12	13	7
10	1	3	2	10	14	5
10	2	1	1	9	15	5
10	0	4	0	4	16	7
10	1	4	0	7	17	6
10	2	3	0	9	18	4
10	0	2	0	2	19	27
10	1	4	0	7	20	25
10	1	3	1	8	21	18
10	0	3	0	3	22	27
10	1	2	0	5	23	30
10	1	2	1	7	24	29
10	1	1	2	8	25	22
10	0	2	0	2	26	25
10	1	3	1	8	27	22
10	1	2	0	5	28	24
10	0	3	0	3	29	24
10	0	2	1	4	30	29
10	0	2	1	4	31	29
10	2	4	1	12	32	24
10	1	2	0	5	33	23
10	0	1	2	5	34	25
11	1	2	0	5	1	27
11	0	1	2	5	2	29
11	0	4	1	6	3	28
11	0	4	1	6	4	31
11	0	1	2	5	5	30
11	0	2	0	2	6	33
11	0	2	1	4	7	35
11	0	3	0	3	8	39
11	0	1	1	3	9	37
11	0	2	2	6	10	36
11	1	4	1	9	11	35
11	1	5	0	8	12	34
11	1	5	0	8	13	35
11	1	3	0	6	14	33
11	0	1	2	5	15	33
11	0	3	2	7	16	34
11	0	3	2	7	17	34
11	0	5	1	7	18	10
11	2	1	1	9	19	3
11	1	3	1	8	20	5
11	1	1	2	8	21	3
11	0	4	0	4	22	5
11	0	2	1	4	23	19
11	2	2	2	12	24	5
11	0	1	2	5	25	4
11	0	2	0	2	26	8
11	1	3	1	8	27	5
11	1	1	1	6	28	6
11	0	3	1	5	29	5
11	1	1	1	6	30	6
11	0	3	0	3	31	12
11	1	5	1	10	32	10
11	0	1	0	1	33	11
11	0	3	2	7	34	11
12	1	1	1	6	1	18
12	0	0	3	6	2	22
12	1	1	2	8	3	14
12	0	1	3	7	4	16
12	0	2	1	4	5	21
12	0	3	0	3	6	23
12	0	3	2	7	7	17
12	0	2	1	4	8	25
12	0	1	1	3	9	30
12	0	4	1	6	10	29
12	0	2	1	4	11	31
12	1	4	0	7	12	30
12	1	5	0	8	13	31
12	2	3	0	9	14	29
12	2	2	2	12	15	24
12	1	4	0	7	16	20
12	1	2	1	7	17	23
12	2	3	0	9	18	4
12	0	5	1	7	19	3
12	1	2	0	5	20	14
12	0	3	1	5	21	18
12	0	4	1	6	22	17
12	2	3	0	9	23	15
12	1	2	1	7	24	17
12	0	2	1	4	25	17
12	0	2	1	4	26	16
12	0	2	3	8	27	12
12	0	2	1	4	28	14
12	0	3	0	3	29	19
12	1	2	2	9	30	12
12	3	2	0	11	31	5
12	0	3	1	5	32	11
12	0	2	0	2	33	11
12	0	4	0	4	34	16
13	0	4	1	6	1	18
13	1	0	3	9	2	9
13	0	1	3	7	3	5
13	0	4	3	10	4	6
13	0	0	2	4	5	8
13	0	1	1	3	6	9
13	0	3	1	5	7	11
13	1	2	0	5	8	14
13	1	2	1	7	9	12
13	0	4	3	10	10	3
13	1	3	1	8	11	5
13	1	4	1	9	12	6
13	2	4	0	10	13	5
13	2	2	0	8	14	6
13	0	4	0	4	15	9
13	1	3	0	6	16	10
13	1	3	1	8	17	10
13	0	4	1	6	18	19
13	1	2	1	7	19	16
13	3	2	0	11	20	5
13	0	3	0	3	21	16
13	1	5	0	8	22	9
13	1	2	1	7	23	10
13	1	2	1	7	24	12
13	1	1	1	6	25	6
13	0	3	1	5	26	7
13	1	3	0	6	27	8
13	2	2	1	10	28	2
13	1	4	1	9	29	2
13	1	1	2	8	30	2
13	0	3	0	3	31	3
13	2	3	0	9	32	2
13	1	2	0	5	33	2
13	0	4	0	4	34	6
14	1	3	0	6	1	18
14	1	1	3	10	2	7
14	0	1	2	5	3	10
14	0	3	3	9	4	7
14	0	1	1	3	5	13
14	0	0	2	4	6	13
14	1	2	0	5	7	13
14	1	1	1	6	8	17
14	1	1	1	6	9	16
14	0	3	0	3	10	19
14	1	3	1	8	11	20
14	2	3	1	11	12	16
14	0	6	0	6	13	24
14	0	2	0	2	14	27
14	1	2	0	5	15	30
14	2	1	0	7	16	29
14	0	5	0	5	17	32
14	0	4	2	8	18	7
14	1	3	0	6	19	9
14	1	3	0	6	20	19
14	1	2	1	7	21	16
14	0	2	0	2	22	27
14	0	1	1	3	23	33
14	0	3	0	3	24	36
14	0	1	0	1	25	37
14	0	3	1	5	26	35
14	0	2	0	2	27	36
14	1	1	1	6	28	36
14	0	5	2	9	29	35
14	0	1	0	1	30	35
14	0	3	0	3	31	35
14	1	1	0	4	33	34
14	2	4	0	10	34	34
17	0	3	1	5	1	27
17	1	1	2	8	2	19
17	1	0	1	5	3	24
17	0	4	1	6	4	27
17	1	4	0	7	5	21
17	0	2	3	8	6	9
17	0	0	0	0	8	34
17	1	1	0	4	9	33
17	0	3	1	5	10	35
17	1	4	1	9	11	33
17	0	5	0	5	12	34
17	1	6	0	9	13	34
17	1	0	1	5	14	33
17	0	2	1	4	15	34
17	1	3	1	8	16	34
17	1	2	0	5	17	35
17	0	1	3	7	18	10
17	1	2	2	9	19	3
17	3	2	2	15	20	1
17	0	2	1	4	21	1
17	0	2	1	4	22	3
17	0	4	1	6	23	4
17	2	2	0	8	24	4
17	0	1	0	1	25	9
17	0	1	1	3	26	13
17	0	3	2	7	27	12
17	1	1	0	4	28	14
17	2	3	1	11	29	4
20	0	2	1	4	1	33
20	0	2	3	8	2	22
20	1	1	2	8	3	14
20	0	2	2	6	4	22
20	0	2	1	4	5	23
20	0	1	1	3	6	25
20	1	2	0	5	7	26
20	1	0	1	5	8	29
20	2	1	0	7	9	24
20	0	2	1	4	10	29
20	0	2	1	4	11	31
20	0	5	0	5	13	38
20	0	1	1	3	14	38
20	0	1	0	1	15	38
20	0	1	1	3	16	38
20	1	2	0	5	17	37
20	1	5	1	10	18	1
20	1	2	1	7	19	1
20	2	1	2	11	20	2
20	0	1	1	3	21	6
20	0	1	1	3	22	13
20	1	2	1	7	23	15
20	2	1	1	9	24	9
20	0	1	1	3	25	11
20	0	1	1	3	26	16
20	0	1	0	1	27	26
20	0	2	1	4	28	28
20	1	3	1	8	29	20
20	1	1	0	4	30	26
20	1	3	0	6	31	22
20	1	2	0	5	32	28
20	1	2	1	7	33	25
20	0	1	1	3	34	28
24	0	4	1	6	1	18
24	0	2	3	8	2	13
24	0	2	2	6	3	14
24	1	1	3	10	4	7
24	1	2	1	7	5	4
24	0	0	1	2	6	9
24	2	2	0	8	7	6
24	0	3	1	5	8	10
24	0	1	1	3	9	15
24	0	5	1	7	10	13
24	1	3	1	8	11	12
24	0	4	3	10	12	11
24	1	6	0	9	13	11
24	1	3	3	12	14	6
24	1	2	0	5	15	8
24	0	3	0	3	16	12
24	2	2	2	12	17	7
24	1	4	0	7	18	10
24	0	3	2	7	19	9
24	1	0	3	9	20	7
24	2	3	0	9	21	3
24	1	1	0	4	22	5
24	0	4	0	4	23	19
24	2	2	0	8	24	17
24	1	1	1	6	25	9
24	0	3	1	5	26	8
24	0	3	0	3	27	16
24	2	2	0	8	28	10
24	1	3	0	6	29	10
24	3	2	1	13	30	3
24	0	2	0	2	31	5
24	0	6	1	8	32	7
24	1	1	0	4	33	7
24	3	2	1	13	34	4
32	0	3	3	9	1	8
32	0	1	0	1	2	29
32	1	2	1	7	3	25
32	0	6	1	8	4	25
32	0	2	1	4	5	25
32	0	2	0	2	6	29
32	0	4	0	4	7	32
32	1	3	2	10	8	25
32	0	2	1	4	9	26
32	0	4	1	6	10	25
32	0	4	2	8	11	22
32	2	2	2	12	12	19
32	2	6	0	12	13	14
32	1	2	2	9	14	11
32	1	5	0	8	15	12
32	0	4	0	4	16	13
32	1	1	0	4	17	17
32	1	4	0	7	18	10
32	0	3	1	5	19	18
32	2	3	0	9	20	14
32	1	2	2	9	21	9
32	0	5	0	5	22	9
32	2	3	0	9	23	7
32	0	2	2	6	24	9
32	0	1	1	3	25	11
32	0	3	0	3	26	16
32	1	3	0	6	27	16
32	1	1	0	4	28	18
32	0	4	1	6	29	17
32	0	3	1	5	30	19
32	0	3	1	5	31	19
32	1	4	0	7	32	20
32	0	2	0	2	33	25
34	0	3	1	5	1	27
34	0	2	0	2	2	37
34	2	2	1	10	3	25
34	0	4	1	6	4	28
34	0	4	0	4	5	30
34	0	2	0	2	6	33
34	0	3	1	5	7	34
34	0	4	1	6	8	33
34	0	2	0	2	9	36
34	0	3	0	3	10	36
34	1	1	1	6	11	37
34	1	3	1	8	12	36
34	1	5	1	10	13	36
34	1	2	0	5	14	36
34	0	3	0	3	15	36
34	2	4	2	14	16	32
34	1	2	2	9	17	33
34	1	3	2	10	18	1
34	1	4	0	7	19	1
34	1	3	0	6	20	7
34	0	3	1	5	21	11
34	1	2	1	7	22	9
34	1	3	0	6	23	15
34	0	2	1	4	24	22
34	1	2	0	5	25	20
34	0	2	0	2	26	22
34	0	5	0	5	27	26
34	0	1	0	1	28	33
34	0	4	2	8	29	28
34	2	3	0	9	30	23
34	0	2	1	4	31	22
34	1	5	2	12	32	16
34	0	3	0	3	33	19
34	0	1	2	5	34	20
35	0	2	2	6	1	18
35	2	2	0	8	2	13
35	1	1	1	6	3	14
35	0	3	2	7	4	16
35	1	0	1	5	5	19
35	1	0	1	5	6	13
35	1	2	2	9	7	7
35	0	2	0	2	8	17
35	2	2	0	8	9	12
35	0	3	2	7	10	11
35	2	3	0	9	11	10
35	2	2	1	10	12	9
35	2	1	1	9	13	9
35	0	3	0	3	14	14
35	3	2	0	11	15	9
35	1	5	0	8	16	9
35	0	3	1	5	17	11
35	1	2	1	7	18	10
35	0	4	0	4	19	27
35	1	4	0	7	20	25
35	1	0	2	7	21	23
35	1	6	1	11	22	5
35	0	4	3	10	23	2
35	2	2	0	8	24	2
35	2	2	0	8	25	1
35	0	1	2	5	26	1
35	1	1	3	10	27	1
35	1	1	1	6	28	1
35	0	3	1	5	29	1
35	1	1	1	6	30	1
35	0	3	1	5	31	1
35	2	4	0	10	32	1
35	1	1	0	4	33	1
35	1	3	1	8	34	1
36	0	3	1	5	1	27
36	0	2	2	6	2	26
36	0	1	2	5	3	28
36	0	3	4	11	4	16
36	1	1	1	6	5	13
36	0	1	0	1	6	23
36	0	2	1	4	7	26
36	1	2	0	5	8	29
36	0	2	2	6	9	26
36	0	4	1	6	10	25
36	1	2	1	7	11	26
36	1	2	1	7	12	27
36	2	5	1	13	13	24
36	1	2	0	5	14	23
36	2	4	0	10	15	20
36	0	3	2	7	16	17
36	1	2	1	7	17	18
36	0	0	0	0	18	37
36	1	1	1	6	19	38
36	1	2	2	9	20	34
36	0	4	0	4	21	35
36	1	3	1	8	22	33
36	2	2	1	10	23	24
36	1	2	1	7	24	23
36	0	1	0	1	25	28
36	0	2	0	2	26	32
36	0	2	1	4	27	34
36	2	1	1	9	28	30
36	0	4	0	4	29	32
36	0	0	2	4	30	32
36	1	2	0	5	31	33
36	0	2	2	6	32	32
36	0	1	0	1	33	32
37	2	3	1	11	1	3
37	0	1	2	5	2	7
37	1	2	1	7	3	4
37	0	5	1	7	4	7
37	0	3	0	3	5	13
37	0	1	1	3	6	17
37	0	2	1	4	7	19
37	1	4	1	9	8	14
37	0	2	0	2	9	21
37	0	4	0	4	10	25
37	2	2	0	8	11	22
37	3	1	0	10	12	22
37	1	5	1	10	13	21
37	1	2	0	5	14	22
37	1	2	0	5	15	26
37	0	3	2	7	16	24
37	2	3	0	9	17	21
37	0	4	1	6	18	19
37	1	3	1	8	19	9
37	0	1	0	1	20	34
37	0	2	3	8	21	27
37	1	3	0	6	22	27
37	1	4	0	7	23	26
37	1	2	1	7	24	24
37	0	2	0	2	25	28
37	1	2	0	5	26	28
37	1	2	3	11	27	20
37	1	0	1	5	28	18
37	0	4	1	6	29	17
37	0	1	2	5	30	19
37	2	1	2	11	31	10
37	2	4	0	10	32	8
37	0	1	0	1	33	10
37	2	2	1	10	34	8
42	0	4	0	4	1	33
42	0	1	2	5	2	32
42	0	2	2	6	3	30
42	0	0	1	2	4	38
42	0	1	2	5	5	38
42	0	1	3	7	6	33
42	0	0	1	2	7	39
42	0	3	2	7	8	36
42	1	2	0	5	9	33
42	0	4	1	6	10	34
42	0	4	1	6	11	34
42	2	3	0	9	12	31
42	1	5	1	10	13	30
42	0	2	1	4	14	32
42	2	5	0	11	15	30
42	0	5	0	5	16	31
42	3	2	1	13	17	25
42	1	5	0	8	18	7
42	1	3	1	8	19	3
42	0	3	1	5	20	14
42	0	3	1	5	21	18
42	0	4	0	4	22	22
42	0	2	1	4	23	30
42	0	2	2	6	24	32
42	1	1	0	4	25	31
42	1	3	0	6	26	28
42	1	5	0	8	27	23
42	1	1	0	4	28	25
42	0	5	0	5	29	24
42	3	0	2	13	30	12
42	0	3	1	5	31	14
42	1	5	0	8	32	14
42	0	2	0	2	33	17
42	0	2	1	4	34	20
43	0	4	1	6	1	18
43	0	2	1	4	2	29
43	1	1	0	4	3	32
43	0	3	2	7	4	35
43	1	1	1	6	5	30
43	0	1	1	3	6	31
43	0	3	2	7	7	31
43	1	3	1	8	8	25
43	1	2	1	7	9	19
43	0	5	0	5	10	19
43	0	3	2	7	11	21
43	1	2	3	11	12	19
43	2	4	1	12	13	14
43	1	3	0	6	14	16
43	1	4	0	7	15	15
43	0	3	1	5	16	16
43	2	4	1	12	17	12
43	0	3	1	5	18	27
43	1	4	0	7	19	18
43	1	2	1	7	20	21
43	0	3	0	3	21	30
43	0	5	0	5	22	33
43	1	2	2	9	23	26
43	1	2	1	7	24	24
43	0	3	0	3	25	27
43	0	2	0	2	26	31
43	0	2	1	4	27	32
43	1	1	1	6	28	33
43	0	5	0	5	29	34
43	1	3	1	8	30	29
43	1	2	1	7	31	27
43	1	4	1	9	32	24
43	1	2	0	5	33	23
43	1	3	1	8	34	19
45	0	2	1	4	1	33
45	2	3	0	9	2	19
45	0	1	3	7	3	14
45	1	4	1	9	4	11
45	0	1	1	3	5	19
45	0	1	0	1	6	25
45	1	1	2	8	7	17
45	1	2	1	7	8	17
45	0	4	1	6	9	16
45	0	3	0	3	10	19
45	2	3	0	9	11	19
45	0	3	1	5	12	24
45	3	3	1	14	13	18
45	0	2	2	6	14	19
45	1	3	1	8	15	17
45	0	1	0	1	16	24
45	1	3	1	8	17	23
45	0	3	1	5	18	27
45	0	2	1	4	19	35
45	3	3	1	14	20	7
45	1	2	2	9	21	3
45	1	4	1	9	22	1
45	0	2	1	4	23	4
45	0	3	0	3	24	17
45	0	1	2	5	25	11
45	1	0	1	5	26	12
45	0	4	0	4	27	16
45	1	2	1	7	28	12
45	0	4	0	4	29	14
45	0	3	1	5	30	17
45	0	3	1	5	31	16
45	0	5	0	5	32	22
45	1	0	0	3	33	25
45	2	1	2	11	34	16
46	0	4	1	6	1	18
46	2	0	1	8	2	13
46	0	1	2	5	3	20
46	1	6	0	9	4	15
46	0	1	0	1	5	25
46	1	1	1	6	6	20
46	0	2	1	4	7	22
46	0	5	0	5	8	28
46	1	3	0	6	9	24
46	0	5	2	9	10	17
46	1	3	1	8	11	17
46	1	4	1	9	12	16
46	0	7	0	7	13	21
46	0	3	0	3	14	26
46	2	2	0	8	15	24
46	0	3	2	7	16	20
46	1	3	1	8	17	21
46	1	4	1	9	18	4
46	0	5	0	5	19	9
46	3	0	1	11	20	4
46	2	3	0	9	21	2
46	0	3	0	3	22	4
46	1	3	0	6	23	8
46	0	2	1	4	24	20
46	1	3	0	6	25	11
46	1	3	1	8	26	2
46	1	3	0	6	27	5
46	0	1	2	5	28	7
46	0	5	0	5	29	8
46	0	1	2	5	30	8
46	0	3	0	3	31	14
46	1	4	2	11	32	11
46	0	2	1	4	33	8
46	0	3	1	5	34	11
47	0	1	3	7	1	12
47	3	2	0	11	2	3
47	0	2	1	4	3	5
47	0	3	1	5	4	16
47	3	1	0	10	5	4
47	1	1	0	4	6	4
47	0	1	2	5	7	7
47	1	2	1	7	8	8
47	1	2	1	7	9	4
47	0	2	1	4	10	9
47	2	5	0	11	11	4
47	0	3	2	7	12	9
47	0	6	0	6	13	12
47	0	3	1	5	14	16
47	0	5	1	7	15	15
47	0	2	0	2	16	19
47	1	2	0	5	17	25
47	0	4	1	6	18	19
47	1	3	0	6	19	18
47	0	2	1	4	20	32
47	2	2	2	12	21	11
47	0	2	1	4	22	17
47	1	3	2	10	23	10
47	1	4	0	7	24	12
47	0	0	0	0	25	22
47	0	2	0	2	26	25
47	0	5	0	5	27	30
47	0	1	1	3	28	32
47	0	2	2	6	29	31
49	0	2	3	8	1	11
49	2	2	2	12	2	1
49	0	2	0	2	3	5
49	2	3	1	11	4	2
49	0	2	0	2	5	10
49	0	1	0	1	6	17
49	1	1	2	8	7	11
49	3	1	0	10	8	3
49	1	2	1	7	9	3
49	0	5	0	5	10	3
49	1	2	1	7	11	7
49	2	2	2	12	12	4
49	0	5	0	5	13	10
49	0	1	1	3	14	16
49	1	2	0	5	15	18
49	2	3	0	9	16	14
49	1	3	0	6	17	14
49	0	3	0	3	18	35
49	2	1	1	9	19	18
49	1	1	0	4	20	32
49	1	2	1	7	21	27
49	0	2	0	2	22	36
49	0	3	2	7	23	33
49	1	2	0	5	24	34
49	1	1	0	4	25	34
49	3	2	0	11	26	22
49	0	2	3	8	27	21
49	2	2	0	8	28	14
49	1	2	0	5	29	14
49	0	3	1	5	30	17
49	1	2	0	5	31	16
49	0	4	1	6	32	20
49	1	2	1	7	33	14
49	0	1	0	1	34	25
50	1	4	1	9	1	8
50	0	1	2	5	2	13
50	1	1	2	8	3	5
50	0	3	4	11	4	2
50	0	1	1	3	5	8
50	0	3	1	5	6	4
50	0	2	1	4	7	9
50	1	4	1	9	8	3
50	0	2	1	4	9	9
50	0	4	2	8	10	3
50	1	4	0	7	11	7
50	3	4	1	15	12	3
50	2	5	0	11	13	3
50	1	3	0	6	14	3
50	1	2	1	7	15	3
50	0	2	1	4	16	4
50	2	3	0	9	17	5
50	1	5	0	8	18	7
50	1	4	0	7	19	8
50	1	4	0	7	20	11
50	0	4	1	6	21	11
50	0	3	1	5	22	15
50	3	1	1	12	23	4
50	1	2	1	7	24	5
50	0	1	0	1	25	11
50	0	2	0	2	26	20
50	1	4	2	11	27	8
50	1	1	1	6	28	7
50	0	4	1	6	29	5
50	0	1	2	5	30	7
50	1	2	1	7	31	7
50	2	5	1	13	32	4
50	0	2	0	2	33	6
50	2	2	1	10	34	5
51	0	0	1	2	1	38
51	0	3	1	5	2	37
51	0	1	2	5	3	38
51	0	3	1	5	4	38
51	1	2	2	9	5	36
51	0	2	0	2	6	38
51	0	1	2	5	7	35
51	1	3	0	6	8	34
51	0	2	2	6	9	32
51	0	2	3	8	10	31
51	1	3	0	6	11	29
51	0	4	0	4	12	33
51	2	2	1	10	13	31
51	1	2	1	7	14	31
51	0	2	1	4	15	32
51	1	4	0	7	16	32
51	2	0	3	12	17	30
51	1	3	0	6	18	19
51	0	4	2	8	19	9
51	1	3	0	6	20	19
51	0	3	1	5	21	23
51	1	3	1	8	22	15
51	0	3	3	9	23	10
51	3	1	1	12	24	2
51	1	3	0	6	25	2
51	0	1	0	1	26	2
51	0	2	0	2	27	14
51	0	2	0	2	28	22
51	0	3	0	3	29	22
51	0	2	2	6	30	24
51	1	2	2	9	31	16
51	1	3	1	8	32	16
51	1	1	0	4	33	17
51	1	1	0	4	34	20
52	1	3	0	6	1	18
52	0	2	2	6	2	22
52	1	2	2	9	3	10
52	0	5	0	5	4	22
52	1	2	1	7	5	13
52	2	1	1	9	6	3
52	0	4	1	6	7	4
52	1	3	0	6	8	3
52	1	1	1	6	9	4
52	0	3	0	3	10	11
52	1	2	0	5	11	16
52	2	3	1	11	12	13
52	0	4	1	6	13	18
52	0	2	0	2	14	23
52	0	3	0	3	15	28
52	1	3	2	10	16	24
52	1	2	3	11	17	18
52	0	1	2	5	18	27
52	1	2	2	9	19	9
52	1	2	0	5	20	21
52	1	2	1	7	21	18
52	0	3	0	3	22	27
52	1	3	3	12	23	15
52	2	3	0	9	24	9
52	1	1	1	6	25	5
52	1	0	1	5	26	2
52	1	3	2	10	27	2
52	0	2	1	4	28	3
52	0	4	1	6	29	3
52	1	0	1	5	30	5
52	1	2	1	7	31	4
52	1	3	1	8	32	6
52	1	1	1	6	33	3
52	1	3	2	10	34	2
54	0	3	2	7	1	12
54	0	1	3	7	2	13
54	1	4	0	7	3	10
54	0	0	1	2	4	28
54	0	3	0	3	5	36
54	1	2	0	5	6	29
54	0	1	3	7	7	26
54	0	3	0	3	8	31
54	0	2	0	2	9	33
54	0	5	1	7	10	33
54	0	3	0	3	11	36
54	2	5	0	11	12	31
54	1	4	1	9	13	31
54	2	1	1	9	14	29
54	2	2	0	8	15	28
54	0	5	0	5	16	30
54	1	2	1	7	17	31
54	1	2	0	5	18	27
54	1	3	1	8	19	16
54	0	2	2	6	20	21
54	0	2	2	6	21	23
54	0	3	1	5	22	22
54	0	3	1	5	23	28
54	0	3	0	3	24	33
54	0	1	1	3	25	34
55	1	1	0	4	1	33
55	1	2	1	7	2	26
55	0	3	0	3	3	32
55	1	4	3	13	4	16
55	1	0	0	3	5	23
55	0	3	2	7	6	13
55	0	1	1	3	7	19
55	2	2	3	14	8	3
55	1	2	0	5	9	7
55	0	5	1	7	10	3
55	2	3	1	11	11	2
55	2	2	4	16	12	2
55	2	3	1	11	13	2
55	2	4	0	10	14	2
55	2	4	0	10	15	2
55	0	3	1	5	16	1
55	2	3	1	11	17	1
55	1	3	0	6	18	19
55	1	3	1	8	19	9
55	2	2	0	8	20	11
55	0	4	0	4	21	18
55	0	2	2	6	22	17
55	1	2	3	11	23	8
55	2	2	0	8	24	7
55	0	2	1	4	25	6
55	0	2	1	4	26	8
55	0	3	2	7	27	8
55	0	2	1	4	28	10
55	0	3	0	3	29	14
55	0	2	1	4	30	19
55	0	3	0	3	31	21
55	1	5	2	12	32	15
55	0	0	1	2	33	19
55	0	3	1	5	34	20
56	0	5	1	7	1	12
56	0	1	3	7	2	13
56	1	3	1	8	3	5
56	0	5	1	7	4	11
56	0	1	2	5	5	11
56	0	1	0	1	6	20
56	1	0	2	7	7	13
56	1	2	0	5	8	20
56	1	1	0	4	9	21
56	0	3	1	5	10	22
56	0	3	0	3	11	29
56	0	3	3	9	12	29
56	0	4	2	8	13	28
56	1	4	2	11	14	23
56	0	5	0	5	15	27
56	1	4	0	7	16	27
56	1	2	1	7	17	27
56	0	3	1	5	18	27
56	0	3	1	5	19	33
56	0	2	0	2	20	38
56	0	2	1	4	21	37
56	1	5	1	10	22	35
56	0	2	1	4	23	36
56	1	2	1	7	24	34
56	0	1	2	5	25	33
56	0	1	1	3	26	34
56	2	3	0	9	27	31
56	1	2	1	7	28	28
56	0	1	2	5	29	28
56	1	2	0	5	30	29
56	0	2	1	4	31	29
56	0	4	2	8	32	29
56	1	2	0	5	33	29
56	1	1	1	6	34	28
57	1	1	1	6	1	18
57	1	1	1	6	2	22
57	0	2	0	2	3	32
57	0	4	1	6	4	37
57	0	0	1	2	5	38
57	1	1	2	8	6	31
57	1	2	0	5	7	32
57	2	3	1	11	8	23
57	0	3	1	5	9	21
57	0	3	1	5	10	22
57	0	3	2	7	11	22
57	2	3	1	11	12	21
57	1	3	2	10	13	20
57	4	1	2	17	14	6
57	1	2	3	11	15	3
57	0	4	0	4	16	4
57	1	3	2	10	17	4
57	1	3	0	6	18	19
57	0	2	2	6	19	18
57	0	5	3	11	20	7
57	0	3	2	7	21	9
57	1	6	1	11	22	1
57	1	3	2	10	23	1
57	0	2	2	6	24	1
57	0	2	0	2	25	3
57	0	2	0	2	26	2
57	0	3	2	7	27	4
57	1	1	1	6	28	4
57	0	4	0	4	29	5
57	2	2	1	10	30	4
57	2	2	1	10	31	2
57	0	5	1	7	32	2
57	0	1	0	1	33	5
57	0	4	0	4	34	7
58	1	3	2	10	1	5
58	1	2	0	5	2	9
58	0	2	1	4	3	20
58	0	4	3	10	4	11
58	0	2	1	4	5	13
58	0	2	1	4	6	13
58	0	3	0	3	7	19
58	1	3	2	10	8	12
58	1	2	1	7	9	10
58	0	5	1	7	10	9
58	2	4	0	10	11	5
58	2	3	0	9	12	6
58	3	5	0	14	13	4
58	1	4	0	7	14	4
58	1	3	0	6	15	7
58	0	4	0	4	16	8
58	1	4	0	7	17	7
58	1	3	0	6	18	19
58	0	3	1	5	19	27
58	1	3	2	10	20	14
58	1	1	3	10	21	6
58	0	4	0	4	22	9
58	1	2	1	7	23	10
58	0	4	0	4	24	21
58	0	2	1	4	25	20
58	0	3	0	3	26	21
58	1	4	1	9	27	16
58	1	0	1	5	28	17
58	0	5	1	7	29	12
58	0	3	1	5	30	14
58	1	2	1	7	31	13
58	1	6	0	9	32	13
58	0	2	0	2	33	13
58	1	2	2	9	34	10
60	0	1	1	3	1	37
60	0	3	1	5	2	35
60	0	3	1	5	3	35
60	1	4	1	9	4	31
60	1	2	1	7	5	25
60	0	2	1	4	6	25
60	0	3	1	5	7	26
60	0	1	1	3	10	39
60	0	3	2	7	11	38
60	0	4	0	4	12	39
60	0	7	0	7	13	39
60	0	3	0	3	14	39
60	0	2	0	2	15	39
61	1	2	0	5	1	27
61	0	1	1	3	2	35
61	1	2	1	7	3	30
61	0	0	4	8	4	28
61	0	4	1	6	5	25
61	1	0	2	7	6	17
61	1	1	1	6	7	13
61	0	2	1	4	8	23
61	0	1	1	3	9	26
61	0	5	1	7	10	22
61	1	2	1	7	11	22
61	1	1	1	6	12	27
61	1	4	0	7	13	28
61	0	2	1	4	15	34
61	0	3	0	3	16	36
61	0	3	0	3	17	36
61	0	1	0	1	18	36
61	1	2	1	7	19	36
61	1	3	2	10	20	25
61	1	2	1	7	21	23
61	0	5	1	7	22	17
61	0	1	0	1	23	32
61	2	0	1	8	24	29
61	1	1	1	6	25	25
61	2	2	1	10	26	13
61	0	1	2	5	28	25
61	0	2	1	4	29	28
61	1	1	1	6	30	27
61	1	2	1	7	31	22
61	1	4	1	9	32	22
61	0	1	2	5	33	21
61	1	2	2	9	34	16
62	0	3	2	7	1	12
62	2	2	1	10	2	5
62	0	3	0	3	3	14
62	1	3	0	6	4	22
62	0	1	1	3	5	25
62	0	2	1	4	6	25
62	0	1	2	5	7	26
62	2	2	2	12	8	12
62	0	1	1	3	9	18
62	0	5	0	5	10	18
62	0	3	3	9	11	17
62	1	3	0	6	12	22
62	0	6	0	6	13	27
62	0	1	2	5	14	27
62	1	3	3	12	15	22
62	0	1	1	3	16	27
62	0	2	2	6	17	28
62	1	1	0	4	18	32
62	1	4	0	7	19	27
62	2	3	1	11	20	11
62	0	4	1	6	21	11
62	0	6	1	8	22	5
62	2	2	1	10	23	2
62	0	1	1	3	24	12
62	0	3	0	3	25	17
62	1	2	2	9	26	2
62	1	3	2	10	27	2
62	0	1	1	3	28	4
62	0	2	0	2	29	10
62	1	3	0	6	30	8
62	1	4	0	7	31	8
62	1	4	1	9	32	8
62	0	2	0	2	33	8
62	0	1	1	3	34	15
63	1	2	3	11	1	3
63	0	2	1	4	2	9
63	2	2	1	10	3	2
63	0	4	2	8	4	2
63	0	1	2	5	5	3
63	0	1	1	3	6	4
63	1	0	3	9	7	3
63	0	4	0	4	8	3
63	0	2	2	6	9	4
63	0	4	1	6	10	3
63	0	2	2	6	11	10
63	3	4	0	13	12	4
63	1	4	0	7	13	7
63	0	1	2	5	14	9
63	4	2	0	14	15	5
63	0	3	3	9	16	3
63	1	4	1	9	17	3
63	1	4	0	7	18	10
63	0	5	0	5	19	18
63	1	2	1	7	20	21
63	0	3	0	3	21	30
63	0	4	1	6	22	32
63	0	4	0	4	23	33
63	1	2	2	9	24	29
63	0	1	1	3	25	31
63	0	2	0	2	26	33
63	0	2	2	6	27	32
63	1	1	2	8	28	30
63	1	2	1	7	29	24
63	1	0	1	5	30	27
63	0	1	1	3	31	29
63	0	6	1	8	32	29
63	1	1	1	6	33	28
63	2	3	0	9	34	24
64	0	0	0	0	1	0
64	0	2	2	6	2	39
64	0	1	3	7	3	35
64	1	4	1	9	4	31
64	1	2	0	5	5	30
64	0	0	0	0	6	39
64	1	2	0	5	7	38
64	1	2	0	5	8	38
64	0	2	0	2	9	37
64	0	4	0	4	10	38
64	0	3	1	5	11	38
64	0	3	3	9	12	38
64	2	2	1	10	13	37
64	0	1	1	3	14	37
64	0	3	1	5	15	37
64	0	0	0	0	18	37
64	1	3	1	8	19	36
64	0	3	1	5	20	37
64	1	2	3	11	23	38
