team_nr	sieg	unentschieden	niederlage	punkte	tore	gegentore	heim	spieltag
1	1	0	0	3	6	1	0	1
1	1	0	0	3	2	0	1	2
1	1	0	0	3	7	0	0	3
1	0	1	0	1	1	1	1	4
1	0	1	0	1	1	1	0	5
1	0	1	0	1	2	2	1	6
1	0	0	1	0	0	1	0	7
1	1	0	0	3	4	0	1	8
1	0	1	0	1	2	2	0	9
1	1	0	0	3	5	0	1	10
1	1	0	0	3	2	0	0	11
1	1	0	0	3	6	2	1	12
1	1	0	0	3	3	2	0	13
1	1	0	0	3	6	1	1	14
1	1	0	0	3	2	0	0	15
1	0	1	0	1	1	1	0	16
1	0	1	0	1	1	1	1	17
1	0	1	0	1	1	1	1	18
1	1	0	0	3	4	2	0	19
1	1	0	0	3	3	0	1	20
1	0	0	1	0	2	3	0	21
1	1	0	0	3	3	0	1	22
1	1	0	0	3	2	1	0	23
1	1	0	0	3	5	3	1	24
1	0	0	1	0	1	2	0	25
1	1	0	0	3	4	2	1	26
1	1	0	0	3	1	0	0	27
1	0	1	0	1	1	1	1	28
1	0	0	1	0	1	3	0	29
1	1	0	0	3	2	0	1	30
1	1	0	0	3	2	1	0	31
1	1	0	0	3	6	0	1	32
1	0	0	1	0	1	3	1	33
1	1	0	0	3	2	1	0	34
2	0	1	0	1	2	2	1	1
2	0	0	1	0	0	2	0	2
2	0	1	0	1	0	0	1	3
2	0	0	1	0	0	2	0	4
2	0	0	1	0	2	4	1	5
2	1	0	0	3	1	0	0	6
2	0	0	1	0	0	2	0	7
2	1	0	0	3	3	2	1	8
2	0	1	0	1	1	1	0	9
2	0	1	0	1	2	2	1	10
2	0	1	0	1	2	2	0	11
2	1	0	0	3	4	0	1	12
2	1	0	0	3	3	0	0	13
2	1	0	0	3	2	0	1	14
2	1	0	0	3	2	1	0	15
2	1	0	0	3	6	0	1	16
2	1	0	0	3	5	0	0	17
2	0	0	1	0	1	2	0	18
2	0	0	1	0	2	4	1	19
2	0	1	0	1	0	0	0	20
2	0	0	1	0	0	3	1	21
2	1	0	0	3	2	0	0	22
2	0	1	0	1	2	2	1	23
2	0	1	0	1	1	1	1	24
2	1	0	0	3	1	0	0	25
2	0	1	0	1	2	2	1	26
2	0	0	1	0	0	2	0	27
2	0	1	0	1	0	0	1	28
2	1	0	0	3	5	1	0	29
2	1	0	0	3	3	0	1	30
2	0	0	1	0	0	6	0	31
2	1	0	0	3	2	1	1	32
2	0	0	1	0	0	2	0	33
2	0	0	1	0	1	2	1	34
3	0	0	1	0	1	3	0	1
3	1	0	0	3	3	2	1	2
3	1	0	0	3	3	0	0	3
3	1	0	0	3	1	0	1	4
3	0	0	1	0	0	1	0	5
3	1	0	0	3	4	1	1	6
3	0	1	0	1	0	0	1	7
3	0	1	0	1	1	1	0	8
3	0	0	1	0	1	2	1	9
3	1	0	0	3	3	0	0	10
3	0	0	1	0	0	2	1	11
3	0	1	0	1	1	1	0	12
3	0	0	1	0	1	3	1	13
3	0	0	1	0	2	4	0	14
3	0	0	1	0	1	2	1	15
3	0	0	1	0	1	3	0	16
3	0	1	0	1	2	2	1	17
3	0	0	1	0	1	4	1	18
3	0	0	1	0	2	5	0	19
3	0	0	1	0	1	3	1	20
3	0	0	1	0	0	1	0	21
3	0	0	1	0	0	1	1	22
3	0	0	1	0	0	1	0	23
3	0	0	1	0	1	2	0	24
3	1	0	0	3	3	1	1	25
3	1	0	0	3	2	1	0	26
3	1	0	0	3	2	0	1	27
3	0	1	0	1	1	1	0	28
3	0	0	1	0	1	3	1	29
3	0	0	1	0	0	1	0	30
3	1	0	0	3	3	1	1	31
3	0	0	1	0	1	2	0	32
3	1	0	0	3	4	2	1	33
3	0	1	0	1	1	1	0	34
4	0	0	1	0	0	4	1	1
4	1	0	0	3	2	1	0	2
4	0	0	1	0	1	2	1	3
4	0	0	1	0	0	1	0	4
4	0	0	1	0	0	2	1	5
4	1	0	0	3	1	0	0	6
4	1	0	0	3	1	0	1	7
4	1	0	0	3	3	2	0	8
4	0	1	0	1	1	1	1	9
4	0	0	1	0	2	3	0	10
4	0	1	0	1	3	3	1	11
4	0	0	1	0	1	2	0	12
4	0	0	1	0	1	2	1	13
4	0	1	0	1	2	2	0	14
4	0	0	1	0	0	1	1	15
4	0	0	1	0	3	4	0	16
4	1	0	0	3	1	0	1	17
4	0	0	1	0	1	3	0	18
4	1	0	0	3	1	0	1	19
4	0	0	1	0	1	3	0	20
4	1	0	0	3	1	0	1	21
4	0	0	1	0	0	2	0	22
4	1	0	0	3	2	1	1	23
4	0	0	1	0	3	5	0	24
4	0	1	0	1	1	1	1	25
4	0	1	0	1	2	2	0	26
4	0	0	1	0	1	3	1	27
4	0	0	1	0	2	3	0	28
4	0	1	0	1	1	1	1	29
4	0	1	0	1	1	1	0	30
4	1	0	0	3	1	0	1	31
4	0	0	1	0	2	3	0	32
4	0	0	1	0	0	3	1	33
4	0	0	1	0	0	2	0	34
5	0	1	0	1	1	1	0	1
5	0	1	0	1	2	2	1	2
5	0	0	1	0	1	2	0	3
5	1	0	0	3	2	0	1	4
5	0	0	1	0	0	4	0	5
5	1	0	0	3	3	0	1	6
5	0	0	1	0	0	3	0	7
5	1	0	0	3	4	0	1	8
5	0	1	0	1	1	1	0	9
5	1	0	0	3	3	2	1	10
5	0	1	0	1	3	3	0	11
5	1	0	0	3	2	0	1	12
5	1	0	0	3	3	1	0	13
5	1	0	0	3	3	1	1	14
5	1	0	0	3	2	1	0	15
5	0	1	0	1	1	1	1	16
5	1	0	0	3	6	1	0	17
5	1	0	0	3	2	1	1	18
5	0	1	0	1	0	0	0	19
5	0	0	1	0	1	2	1	20
5	1	0	0	3	3	0	0	21
5	1	0	0	3	2	1	1	22
5	0	0	1	0	1	2	0	23
5	1	0	0	3	3	0	1	24
5	0	0	1	0	0	1	0	25
5	0	0	1	0	0	3	1	26
5	1	0	0	3	1	0	0	27
5	1	0	0	3	3	2	1	28
5	0	0	1	0	0	2	0	29
5	1	0	0	3	1	0	1	30
5	1	0	0	3	1	0	0	31
5	1	0	0	3	2	1	1	32
5	1	0	0	3	3	1	0	33
5	1	0	0	3	4	2	1	34
6	1	0	0	3	3	1	1	1
6	0	1	0	1	2	2	0	2
6	1	0	0	3	1	0	1	3
6	0	1	0	1	1	1	0	4
6	0	0	1	0	0	1	1	5
6	0	1	0	1	0	0	0	6
6	1	0	0	3	3	0	1	7
6	0	0	1	0	1	5	0	8
6	1	0	0	3	5	2	1	9
6	0	1	0	1	2	2	0	10
6	0	0	1	0	1	3	1	11
6	0	0	1	0	1	2	0	12
6	1	0	0	3	3	1	1	13
6	0	0	1	0	1	2	0	14
6	1	0	0	3	4	2	1	15
6	0	0	1	0	2	3	1	16
6	0	0	1	0	0	1	0	17
6	1	0	0	3	4	1	0	18
6	0	1	0	1	0	0	1	19
6	0	0	1	0	1	4	0	20
6	1	0	0	3	3	2	1	21
6	0	0	1	0	0	4	0	22
6	0	1	0	1	0	0	1	23
6	0	0	1	0	0	3	0	24
6	0	1	0	1	2	2	1	25
6	0	1	0	1	0	0	0	26
6	1	0	0	3	2	0	1	27
6	0	1	0	1	1	1	0	28
6	0	0	1	0	0	1	1	29
6	0	0	1	0	1	2	0	30
6	1	0	0	3	2	0	1	31
6	0	0	1	0	2	5	0	32
6	0	1	0	1	2	2	0	33
6	1	0	0	3	2	0	1	34
7	1	0	0	3	4	0	0	1
7	0	0	1	0	1	3	1	2
7	1	0	0	3	1	0	0	3
7	1	0	0	3	1	0	1	4
7	1	0	0	3	3	2	0	5
7	0	1	0	1	0	0	1	6
7	0	1	0	1	0	0	0	7
7	1	0	0	3	2	1	1	8
7	0	1	0	1	2	2	0	9
7	0	0	1	0	0	5	0	10
7	1	0	0	3	2	0	1	11
7	1	0	0	3	2	0	0	12
7	1	0	0	3	2	0	1	13
7	0	0	1	0	1	3	0	14
7	1	0	0	3	4	1	1	15
7	0	0	1	0	0	6	0	16
7	0	1	0	1	1	1	1	17
7	1	0	0	3	3	1	1	18
7	0	0	1	0	1	5	0	19
7	1	0	0	3	2	1	1	20
7	1	0	0	3	2	0	0	21
7	0	1	0	1	1	1	1	22
7	0	1	0	1	0	0	0	23
7	1	0	0	3	2	1	1	24
7	0	1	0	1	1	1	0	25
7	0	1	0	1	1	1	1	26
7	0	0	1	0	0	1	1	27
7	1	0	0	3	2	1	0	28
7	1	0	0	3	4	0	1	29
7	1	0	0	3	1	0	0	30
7	0	0	1	0	0	1	1	31
7	0	0	1	0	2	4	0	32
7	1	0	0	3	2	0	1	33
7	0	0	1	0	1	2	0	34
8	1	0	0	3	2	1	0	1
8	0	1	0	1	0	0	1	2
8	1	0	0	3	2	1	0	3
8	0	0	1	0	0	3	1	4
8	1	0	0	3	1	0	0	5
8	0	0	1	0	1	4	0	6
8	0	1	0	1	1	1	1	7
8	0	0	1	0	1	2	0	8
8	0	1	0	1	1	1	1	9
8	1	0	0	3	2	0	0	10
8	1	0	0	3	5	0	1	11
8	0	0	1	0	2	6	0	12
8	0	0	1	0	0	3	1	13
8	0	0	1	0	0	1	0	14
8	0	1	0	1	1	1	1	15
8	0	1	0	1	1	1	0	16
8	0	0	1	0	1	2	1	17
8	1	0	0	3	5	2	1	18
8	0	0	1	0	1	2	0	19
8	1	0	0	3	3	1	1	20
8	1	0	0	3	3	2	0	21
8	1	0	0	3	4	0	1	22
8	1	0	0	3	1	0	1	23
8	0	1	0	1	1	1	0	24
8	0	1	0	1	1	1	1	25
8	1	0	0	3	3	0	0	26
8	0	1	0	1	2	2	1	27
8	0	1	0	1	1	1	0	28
8	1	0	0	3	3	1	1	29
8	0	0	1	0	0	3	0	30
8	0	0	1	0	2	3	1	31
8	0	0	1	0	0	3	0	32
8	0	0	1	0	1	4	1	33
8	0	1	0	1	2	2	0	34
9	0	0	1	0	1	3	0	1
9	0	1	0	1	2	2	1	2
9	0	1	0	1	0	0	0	3
9	0	0	1	0	1	6	1	4
9	0	1	0	1	1	1	0	5
9	1	0	0	3	3	1	1	6
9	0	0	1	0	0	1	0	7
9	0	0	1	0	2	3	1	8
9	0	0	1	0	0	4	0	9
9	0	0	1	0	0	3	1	10
9	0	0	1	0	1	2	0	11
9	0	0	1	0	0	2	1	12
9	0	0	1	0	1	2	0	13
9	1	0	0	3	1	0	1	14
9	0	0	1	0	0	2	1	15
9	0	0	1	0	0	3	0	16
9	0	0	1	0	1	6	1	17
9	0	1	0	1	0	0	1	18
9	0	1	0	1	0	0	0	19
9	0	1	0	1	0	0	1	20
9	0	1	0	1	0	0	0	21
9	1	0	0	3	2	1	1	22
9	1	0	0	3	2	0	0	23
9	0	1	0	1	2	2	1	24
9	0	1	0	1	1	1	0	25
9	0	0	1	0	0	3	1	26
9	0	0	1	0	0	2	0	27
9	1	0	0	3	5	2	1	28
9	0	0	1	0	0	4	0	29
9	1	0	0	3	2	1	1	30
9	1	0	0	3	3	2	0	31
9	0	0	1	0	0	6	0	32
9	0	1	0	1	2	2	1	33
9	0	0	1	0	2	4	0	34
10	0	0	1	0	1	3	0	1
10	0	1	0	1	1	1	1	2
10	0	0	1	0	0	1	0	3
10	0	0	1	0	0	1	1	4
10	1	0	0	3	2	0	0	5
10	0	1	0	1	2	2	1	6
10	0	1	0	1	1	1	0	7
10	0	1	0	1	1	1	1	8
10	0	1	0	1	2	2	1	9
10	0	0	1	0	2	3	0	10
10	1	0	0	3	2	1	1	11
10	0	0	1	0	0	1	0	12
10	0	0	1	0	2	3	1	13
10	0	0	1	0	1	2	0	14
10	1	0	0	3	2	0	1	15
10	0	0	1	0	1	3	0	16
10	0	0	1	0	0	5	1	17
10	0	0	1	0	0	2	1	18
10	0	0	1	0	0	3	0	19
10	1	0	0	3	4	1	1	20
10	0	0	1	0	1	4	0	21
10	1	0	0	3	2	0	1	22
10	0	0	1	0	1	4	0	23
10	0	1	0	1	1	1	1	24
10	0	0	1	0	1	3	0	25
10	0	1	0	1	1	1	0	26
10	0	0	1	0	0	1	1	27
10	0	0	1	0	2	5	0	28
10	0	0	1	0	2	4	1	29
10	0	0	1	0	0	2	0	30
10	1	0	0	3	2	1	1	31
10	0	0	1	0	2	5	0	32
10	0	1	0	1	1	1	1	33
10	1	0	0	3	2	1	0	34
11	0	1	0	1	2	2	0	1
11	0	1	0	1	2	2	1	2
11	1	0	0	3	3	2	0	3
11	0	0	1	0	3	4	1	4
11	1	0	0	3	2	0	0	5
11	0	0	1	0	0	1	1	6
11	0	1	0	1	1	1	0	7
11	1	0	0	3	5	1	1	8
11	1	0	0	3	2	1	0	9
11	0	0	1	0	0	2	1	10
11	0	0	1	0	0	2	0	11
11	1	0	0	3	1	0	1	12
11	1	0	0	3	2	1	1	13
11	0	0	1	0	1	6	0	14
11	0	0	1	0	1	2	1	15
11	0	0	1	0	1	7	0	16
11	0	0	1	0	1	2	1	17
11	1	0	0	3	2	1	1	18
11	1	0	0	3	2	0	0	19
11	0	0	1	0	0	2	1	20
11	0	0	1	0	0	2	0	21
11	1	0	0	3	3	0	1	22
11	0	0	1	0	1	2	0	23
11	0	0	1	0	2	3	1	24
11	0	1	0	1	2	2	0	25
11	0	0	1	0	1	2	1	26
11	0	1	0	1	2	2	0	27
11	0	0	1	0	1	2	1	28
11	1	0	0	3	4	2	0	29
11	0	0	1	0	1	2	0	30
11	0	0	1	0	1	2	1	31
11	0	0	1	0	1	2	0	32
11	0	1	0	1	1	1	1	33
11	0	0	1	0	0	1	0	34
12	0	0	1	0	1	6	1	1
12	0	1	0	1	1	1	0	2
12	0	1	0	1	1	1	1	3
12	1	0	0	3	4	3	0	4
12	1	0	0	3	4	0	1	5
12	0	0	1	0	0	1	1	6
12	1	0	0	3	3	1	0	7
12	1	0	0	3	2	0	1	8
12	0	0	1	0	0	3	0	9
12	1	0	0	3	5	1	1	10
12	1	0	0	3	3	1	0	11
12	0	0	1	0	1	2	1	12
12	1	0	0	3	2	1	0	13
12	1	0	0	3	4	2	1	14
12	0	1	0	1	1	1	0	15
12	1	0	0	3	3	0	1	16
12	0	1	0	1	1	1	0	17
12	0	1	0	1	1	1	0	18
12	1	0	0	3	3	0	1	19
12	0	0	1	0	0	3	0	20
12	1	0	0	3	2	0	1	21
12	0	0	1	0	1	2	0	22
12	0	1	0	1	2	2	0	23
12	0	1	0	1	1	1	1	24
12	0	0	1	0	0	2	0	25
12	0	1	0	1	1	1	1	26
12	0	0	1	0	1	3	0	27
12	0	1	0	1	1	1	1	28
12	0	0	1	0	0	4	0	29
12	0	1	0	1	1	1	1	30
12	0	0	1	0	1	3	0	31
12	1	0	0	3	3	0	1	32
12	0	1	0	1	2	2	0	33
12	1	0	0	3	2	1	1	34
13	1	0	0	3	3	1	1	1
13	0	1	0	1	2	2	0	2
13	0	1	0	1	1	1	0	3
13	0	1	0	1	0	0	1	4
13	1	0	0	3	4	2	0	5
13	0	0	1	0	0	1	1	6
13	0	1	0	1	1	1	0	7
13	1	0	0	3	3	2	1	8
13	0	0	1	0	2	5	0	9
13	1	0	0	3	3	2	1	10
13	0	0	1	0	0	5	0	11
13	0	1	0	1	1	1	1	12
13	0	0	1	0	0	2	0	13
13	0	0	1	0	1	2	1	14
13	0	0	1	0	0	2	0	15
13	1	0	0	3	7	1	1	16
13	0	1	0	1	1	1	0	17
13	0	1	0	1	0	0	0	18
13	0	1	0	1	0	0	1	19
13	1	0	0	3	3	0	1	20
13	0	0	1	0	0	3	0	21
13	0	0	1	0	0	2	1	22
13	0	1	0	1	0	0	0	23
13	0	0	1	0	0	2	1	24
13	0	0	1	0	1	6	0	25
13	0	1	0	1	0	0	1	26
13	1	0	0	3	3	1	0	27
13	0	1	0	1	1	1	1	28
13	1	0	0	3	3	1	0	29
13	0	0	1	0	0	1	1	30
13	1	0	0	3	2	1	0	31
13	1	0	0	3	5	2	1	32
13	0	1	0	1	1	1	0	33
13	0	0	1	0	1	2	1	34
15	1	0	0	3	3	1	1	1
15	0	1	0	1	0	0	0	2
15	1	0	0	3	2	1	1	3
15	1	0	0	3	6	1	0	4
15	0	1	0	1	1	1	1	5
15	1	0	0	3	1	0	0	6
15	1	0	0	3	2	0	1	7
15	0	0	1	0	0	2	0	8
15	1	0	0	3	1	0	0	9
15	1	0	0	3	2	0	1	10
15	0	0	1	0	1	2	0	11
15	1	0	0	3	2	1	1	12
15	0	0	1	0	0	5	0	13
15	0	1	0	1	2	2	1	14
15	0	0	1	0	1	4	0	15
15	1	0	0	3	3	1	1	16
15	1	0	0	3	2	1	0	17
15	1	0	0	3	2	0	0	18
15	1	0	0	3	2	1	1	19
15	1	0	0	3	2	1	0	20
15	0	1	0	1	0	0	1	21
15	0	0	1	0	0	3	0	22
15	0	1	0	1	0	0	1	23
15	0	1	0	1	1	1	0	24
15	1	0	0	3	2	0	1	25
15	1	0	0	3	3	0	1	26
15	0	0	1	0	1	2	0	27
15	0	1	0	1	1	1	1	28
15	1	0	0	3	1	0	0	29
15	0	1	0	1	0	0	1	30
15	0	0	1	0	0	1	0	31
15	1	0	0	3	4	2	1	32
15	0	0	1	0	2	4	0	33
15	1	0	0	3	1	0	1	34
16	1	0	0	3	1	0	1	1
16	1	0	0	3	3	1	0	2
16	0	0	1	0	2	3	1	3
16	1	0	0	3	1	0	0	4
16	1	0	0	3	1	0	1	5
16	0	0	1	0	0	3	0	6
16	1	0	0	3	1	0	1	7
16	0	0	1	0	2	3	0	8
16	0	1	0	1	2	2	1	9
16	0	0	1	0	0	2	0	10
16	1	0	0	3	5	0	1	11
16	1	0	0	3	2	1	0	12
16	1	0	0	3	3	0	1	13
16	0	0	1	0	0	2	0	14
16	0	0	1	0	2	4	0	15
16	1	0	0	3	4	3	1	16
16	1	0	0	3	2	1	0	17
16	1	0	0	3	2	0	0	18
16	1	0	0	3	5	1	1	19
16	1	0	0	3	2	0	0	20
16	1	0	0	3	4	1	1	21
16	1	0	0	3	1	0	0	22
16	1	0	0	3	2	1	1	23
16	0	1	0	1	2	2	0	24
16	1	0	0	3	6	1	1	25
16	0	0	1	0	2	4	0	26
16	1	0	0	3	2	1	1	27
16	0	1	0	1	3	3	0	28
16	1	0	0	3	4	0	1	29
16	0	1	0	1	1	1	0	30
16	1	0	0	3	6	0	1	31
16	1	0	0	3	5	2	1	32
16	1	0	0	3	3	0	0	33
16	0	1	0	1	2	2	1	34
17	0	0	1	0	0	1	0	1
17	0	0	1	0	1	2	1	2
17	0	0	1	0	0	3	1	3
17	1	0	0	3	3	0	0	4
17	0	0	1	0	2	3	1	5
17	0	1	0	1	2	2	0	6
17	0	1	0	1	1	1	1	7
17	0	0	1	0	0	4	0	8
17	1	0	0	3	4	0	1	9
17	0	0	1	0	1	5	0	10
17	0	1	0	1	2	2	1	11
17	0	0	1	0	0	2	0	12
17	1	0	0	3	5	0	1	13
17	1	0	0	3	2	1	0	14
17	1	0	0	3	2	0	1	15
17	1	0	0	3	3	2	0	16
17	1	0	0	3	2	0	1	17
17	0	0	1	0	0	2	1	18
17	0	0	1	0	0	1	0	19
17	1	0	0	3	3	1	0	20
17	0	0	1	0	2	3	1	21
17	0	1	0	1	1	1	0	22
17	1	0	0	3	4	1	1	23
17	1	0	0	3	3	2	0	24
17	1	0	0	3	2	1	1	25
17	1	0	0	3	3	0	0	26
17	1	0	0	3	3	1	1	27
17	0	1	0	1	0	0	0	28
17	1	0	0	3	2	0	1	29
17	0	1	0	1	0	0	0	30
17	0	0	1	0	1	2	1	31
17	0	1	0	1	1	1	0	32
17	0	1	0	1	2	2	1	33
17	0	0	1	0	0	3	0	34
18	0	1	0	1	1	1	1	1
18	0	1	0	1	2	2	0	2
18	0	0	1	0	0	1	1	3
18	0	1	0	1	0	0	0	4
18	0	1	0	1	1	1	1	5
18	0	1	0	1	2	2	0	6
18	0	0	1	0	1	3	1	7
18	0	0	1	0	2	3	0	8
18	0	0	1	0	0	1	1	9
18	1	0	0	3	4	1	1	10
18	0	0	1	0	0	5	0	11
18	1	0	0	3	2	1	1	12
18	0	0	1	0	1	3	0	13
18	1	0	0	3	2	1	1	14
18	0	0	1	0	0	2	0	15
18	0	1	0	1	1	1	1	16
18	0	1	0	1	2	2	0	17
18	0	0	1	0	1	2	0	18
18	0	0	1	0	0	2	1	19
18	0	0	1	0	1	2	0	20
18	1	0	0	3	3	0	1	21
18	0	0	1	0	1	2	0	22
18	0	0	1	0	1	2	1	23
18	0	1	0	1	1	1	0	24
18	0	0	1	0	0	1	1	25
18	0	0	1	0	0	3	0	26
18	1	0	0	3	3	2	0	27
18	0	1	0	1	3	3	1	28
18	0	1	0	1	1	1	0	29
18	1	0	0	3	2	1	1	30
18	0	0	1	0	1	2	0	31
18	0	1	0	1	1	1	1	32
18	1	0	0	3	4	1	0	33
18	0	1	0	1	1	1	1	34
20	0	0	1	0	1	2	1	1
20	0	0	1	0	2	3	0	2
20	0	0	1	0	0	7	1	3
20	0	0	1	0	0	1	0	4
20	0	0	1	0	0	2	1	5
20	0	0	1	0	1	3	0	6
20	0	1	0	1	1	1	1	7
20	0	0	1	0	0	4	0	8
20	1	0	0	3	3	0	1	9
20	0	0	1	0	1	4	0	10
20	1	0	0	3	2	1	1	11
20	0	0	1	0	0	4	0	12
20	0	0	1	0	0	3	0	13
20	1	0	0	3	2	1	1	14
20	1	0	0	3	1	0	0	15
20	1	0	0	3	3	1	1	16
20	0	0	1	0	0	2	0	17
20	0	0	1	0	2	5	0	18
20	1	0	0	3	5	2	1	19
20	0	0	1	0	0	3	0	20
20	0	0	1	0	0	2	1	21
20	0	0	1	0	0	3	0	22
20	0	0	1	0	0	2	1	23
20	1	0	0	3	2	0	0	24
20	1	0	0	3	1	0	1	25
20	0	1	0	1	1	1	0	26
20	0	0	1	0	2	3	1	27
20	0	1	0	1	1	1	0	28
20	0	0	1	0	1	5	1	29
20	0	1	0	1	1	1	1	30
20	0	0	1	0	0	2	0	31
20	1	0	0	3	3	2	1	32
20	0	1	0	1	1	1	0	33
20	1	0	0	3	3	0	1	34
